00000118_002.png 0 0 0 0 0 0 0 1 0 0 1 0 0 0 
00000118_001.png 1 0 0 0 0 0 0 0 0 0 1 0 0 0 
00000118_000.png 0 0 0 0 0 0 0 0 0 0 1 0 0 0 
00000118_009.png 0 0 0 0 0 0 0 1 0 0 0 0 0 0 
00000118_005.png 0 0 0 0 0 0 0 1 0 0 0 0 0 0 
00000118_003.png 1 0 0 0 0 0 0 1 0 0 1 0 0 0 
00000118_016.png 0 0 0 0 0 0 0 0 0 0 0 0 0 0 
00000118_013.png 0 0 0 1 0 0 0 0 0 0 0 0 0 0 
00000118_010.png 0 0 0 0 0 0 0 1 0 0 0 0 0 0 
00000118_015.png 0 0 1 0 0 0 0 0 0 0 0 0 0 0 
00000118_008.png 0 0 0 0 0 0 0 0 0 0 0 0 0 0 
00000118_007.png 1 0 0 0 0 0 0 0 0 0 0 0 0 0 
00000118_006.png 1 0 0 0 0 0 0 0 0 0 1 0 0 0 
